249 243 232 237 233 226 233 235 238 246 245 245 247 246 249 251
252 249 221 219 226 219 220 228 224 214 226 228 227 226 250 250
253 249   0   0   0   0   0   0   0   0   0   0   0   0 247 255
253 248   0   0   0   0   0   0   0   0   0   0   0   0 243 255
255 251   0   0   0   0   0   0   0   0   0   0   0   0 251 255
253 255   0   0   0   0   0   0   0   0   0   0   0   0 249 255
254 255   0   0   0   0   0   0   0   0   0   0   0   0 251 255
255 252   0   0   0   0   0   0   0   0   0   0   0   0 253 255
253 254   0   0   0   0   0   0   0   0   0   0   0   0 248 255
255 252   0   0   0   0   0   0   0   0   0   0   0   0 247 255
255 247   0   0   0   0   0   0   0   0   0   0   0   0 247 255
255 239   0   0   0   0   0   0   0   0   0   0   0   0 242 255
249 237   0   0   0   0   0   0   0   0   0   0   0   0 239 254
249 241   0   0   0   0   0   0   0   0   0   0   0   0 246 252
248 248 247 244 250 250 245 249 248 247 248 249 249 250 250 255
248 248 250 247 248 247 248 248 249 248 250 248 250 247 248 249
247 244 237 239 232 229 233 234 242 242 245 243 247 246 248 251
250 242 221 219 226 219 220 227 226 220 226 226 229 230 248 250
255 233   0   0   0   0   0   0   0   0   0   0   0   0 248 255
255 231   0   0   0   0   0   0   0   0   0   0   0   0 249 255
255 232   0   0   0   0   0   0   0   0   0   0   0   0 252 255
255 239   0   0   0   0   0   0   0   0   0   0   0   0 251 255
254 238   0   0   0   0   0   0   0   0   0   0   0   0 253 255
255 235   0   0   0   0   0   0   0   0   0   0   0   0 255 255
255 237   0   0   0   0   0   0   0   0   0   0   0   0 255 255
254 241   0   0   0   0   0   0   0   0   0   0   0   0 255 255
255 242   0   0   0   0   0   0   0   0   0   0   0   0 253 255
254 234   0   0   0   0   0   0   0   0   0   0   0   0 251 255
250 234   0   0   0   0   0   0   0   0   0   0   0   0 247 255
249 240   0   0   0   0   0   0   0   0   0   0   0   0 253 252
251 249 252 246 251 252 249 251 250 249 250 252 251 253 253 255
251 251 253 250 251 250 251 251 251 251 253 251 251 250 251 252
247 246 239 240 235 231 235 236 243 245 247 249 253 252 251 251
245 243 221 219 226 219 221 228 226 220 226 232 235 235 252 251
249 236   0   0   0   0   0   0   0   0   0   0   0   0 252 255
249 230   0   0   0   0   0   0   0   0   0   0   0   0 252 255
251 235   0   0   0   0   0   0   0   0   0   0   0   0 254 255
249 237   0   0   0   0   0   0   0   0   0   0   0   0 251 255
246 236   0   0   0   0   0   0   0   0   0   0   0   0 253 255
249 234   0   0   0   0   0   0   0   0   0   0   0   0 255 255
249 236   0   0   0   0   0   0   0   0   0   0   0   0 254 255
247 234   0   0   0   0   0   0   0   0   0   0   0   0 254 255
247 239   0   0   0   0   0   0   0   0   0   0   0   0 252 255
245 231   0   0   0   0   0   0   0   0   0   0   0   0 250 254
247 236   0   0   0   0   0   0   0   0   0   0   0   0 246 253
249 243   0   0   0   0   0   0   0   0   0   0   0   0 251 250
249 250 252 247 252 252 250 251 250 249 250 249 251 250 250 254
249 249 250 248 249 248 249 249 248 248 250 249 249 248 249 250

249 250 254 254 254 254 254 254 254 254 253 253 252 250 250 248
246 205 159 158 157 155 156 153 152 151 150 148 146 144 215 247
243 125   0   0   0   0   0   0   0   0   0   0   0   0 169 245
243 126   0   0   0   0   0   0   0   0   0   0   0   0 166 247
243 129   0   0   0   0   0   0   0   0   0   0   0   0 164 247
238 129   0   0   0   0   0   0   0   0   0   0   0   0 161 248
239 126   0   0   0   0   0   0   0   0   0   0   0   0 159 247
230 127   0   0   0   0   0   0   0   0   0   0   0   0 156 247
228 129   0   0   0   0   0   0   0   0   0   0   0   0 154 248
231 131   0   0   0   0   0   0   0   0   0   0   0   0 149 248
227 131   0   0   0   0   0   0   0   0   0   0   0   0 148 247
227 131   0   0   0   0   0   0   0   0   0   0   0   0 147 247
231 132   0   0   0   0   0   0   0   0   0   0   0   0 145 247
230 136   0   0   0   0   0   0   0   0   0   0   0   0 144 247
241 200 135 138 137 138 139 139 139 140 139 137 130 129 197 247
242 250 252 253 253 253 252 253 252 253 254 252 247 246 247 247
249 251 254 254 254 255 255 255 254 254 253 253 252 252 252 250
246 206 162 160 161 159 160 157 155 154 153 151 150 148 218 249
243 125   0   0   0   0   0   0   0   0   0   0   0   0 171 248
242 126   0   0   0   0   0   0   0   0   0   0   0   0 168 249
242 128   0   0   0   0   0   0   0   0   0   0   0   0 166 250
239 129   0   0   0   0   0   0   0   0   0   0   0   0 162 250
239 128   0   0   0   0   0   0   0   0   0   0   0   0 160 250
235 128   0   0   0   0   0   0   0   0   0   0   0   0 157 250
231 129   0   0   0   0   0   0   0   0   0   0   0   0 155 250
231 131   0   0   0   0   0   0   0   0   0   0   0   0 152 250
230 131   0   0   0   0   0   0   0   0   0   0   0   0 150 249
229 131   0   0   0   0   0   0   0   0   0   0   0   0 148 250
233 132   0   0   0   0   0   0   0   0   0   0   0   0 146 250
234 137   0   0   0   0   0   0   0   0   0   0   0   0 146 250
242 198 132 134 132 134 136 135 135 137 137 136 129 130 199 250
242 247 252 253 254 253 253 253 253 253 253 251 248 248 250 250
249 251 254 254 254 255 255 255 254 254 253 252 251 251 250 248
249 210 164 162 161 159 159 157 155 154 153 150 149 147 216 248
249 129   0   0   0   0   0   0   0   0   0   0   0   0 170 247
248 130   0   0   0   0   0   0   0   0   0   0   0   0 167 248
247 130   0   0   0   0   0   0   0   0   0   0   0   0 165 248
240 130   0   0   0   0   0   0   0   0   0   0   0   0 161 248
240 128   0   0   0   0   0   0   0   0   0   0   0   0 160 248
235 128   0   0   0   0   0   0   0   0   0   0   0   0 157 248
232 129   0   0   0   0   0   0   0   0   0   0   0   0 155 248
233 131   0   0   0   0   0   0   0   0   0   0   0   0 152 248
231 130   0   0   0   0   0   0   0   0   0   0   0   0 150 247
230 131   0   0   0   0   0   0   0   0   0   0   0   0 149 247
234 132   0   0   0   0   0   0   0   0   0   0   0   0 146 248
235 137   0   0   0   0   0   0   0   0   0   0   0   0 145 248
243 198 130 134 131 133 134 134 134 136 135 134 129 130 199 248
239 241 244 246 245 245 242 245 244 243 243 241 245 246 248 248

248 247 245 247 247 248 247 247 248 248 247 247 247 247 247 247
250 215 169 166 164 161 159 156 154 149 148 147 145 144 197 247
250 144   0   0   0   0   0   0   0   0   0   0   0   0 129 246
252 146   0   0   0   0   0   0   0   0   0   0   0   0 130 247
253 148   0   0   0   0   0   0   0   0   0   0   0   0 137 252
253 150   0   0   0   0   0   0   0   0   0   0   0   0 139 254
254 151   0   0   0   0   0   0   0   0   0   0   0   0 140 253
254 152   0   0   0   0   0   0   0   0   0   0   0   0 139 252
254 153   0   0   0   0   0   0   0   0   0   0   0   0 139 253
254 156   0   0   0   0   0   0   0   0   0   0   0   0 139 252
254 155   0   0   0   0   0   0   0   0   0   0   0   0 138 253
254 157   0   0   0   0   0   0   0   0   0   0   0   0 137 253
254 158   0   0   0   0   0   0   0   0   0   0   0   0 138 253
254 159   0   0   0   0   0   0   0   0   0   0   0   0 135 252
250 205 125 126 129 129 126 127 129 131 131 131 132 136 200 250
249 246 243 243 243 238 239 230 228 231 227 227 231 230 241 242
250 249 248 249 250 250 250 250 250 250 249 250 250 250 250 250
252 218 171 168 166 162 160 157 155 152 150 148 146 146 199 250
252 148   0   0   0   0   0   0   0   0   0   0   0   0 130 248
252 150   0   0   0   0   0   0   0   0   0   0   0   0 129 248
253 151   0   0   0   0   0   0   0   0   0   0   0   0 136 251
253 153   0   0   0   0   0   0   0   0   0   0   0   0 137 253
254 154   0   0   0   0   0   0   0   0   0   0   0   0 137 253
254 155   0   0   0   0   0   0   0   0   0   0   0   0 135 253
255 157   0   0   0   0   0   0   0   0   0   0   0   0 135 253
255 160   0   0   0   0   0   0   0   0   0   0   0   0 136 253
255 159   0   0   0   0   0   0   0   0   0   0   0   0 134 253
254 161   0   0   0   0   0   0   0   0   0   0   0   0 132 254
254 160   0   0   0   0   0   0   0   0   0   0   0   0 134 253
254 162   0   0   0   0   0   0   0   0   0   0   0   0 132 252
251 206 125 126 128 129 128 128 129 131 131 131 132 137 198 247
249 246 243 242 242 239 239 235 231 231 230 229 233 234 242 242
248 248 247 248 248 248 248 248 248 248 247 247 248 248 248 248
250 216 170 167 165 161 160 157 155 152 150 149 146 145 199 248
251 147   0   0   0   0   0   0   0   0   0   0   0   0 130 246
251 149   0   0   0   0   0   0   0   0   0   0   0   0 129 245
252 150   0   0   0   0   0   0   0   0   0   0   0   0 134 241
253 153   0   0   0   0   0   0   0   0   0   0   0   0 135 243
254 154   0   0   0   0   0   0   0   0   0   0   0   0 136 243
254 155   0   0   0   0   0   0   0   0   0   0   0   0 134 244
255 157   0   0   0   0   0   0   0   0   0   0   0   0 134 245
255 159   0   0   0   0   0   0   0   0   0   0   0   0 134 242
255 159   0   0   0   0   0   0   0   0   0   0   0   0 133 245
254 161   0   0   0   0   0   0   0   0   0   0   0   0 131 245
254 162   0   0   0   0   0   0   0   0   0   0   0   0 134 246
254 164   0   0   0   0   0   0   0   0   0   0   0   0 130 244
251 210 129 130 130 130 128 128 129 131 130 131 132 137 198 241
249 249 249 248 247 240 240 235 232 233 231 230 234 235 243 239

247 247 246 247 252 254 253 252 253 252 253 253 253 252 250 242
247 197 129 130 137 139 140 139 139 139 138 137 138 135 200 241
247 144   0   0   0   0   0   0   0   0   0   0   0   0 136 230
247 145   0   0   0   0   0   0   0   0   0   0   0   0 132 231
247 147   0   0   0   0   0   0   0   0   0   0   0   0 131 227
247 148   0   0   0   0   0   0   0   0   0   0   0   0 131 227
248 149   0   0   0   0   0   0   0   0   0   0   0   0 131 231
248 154   0   0   0   0   0   0   0   0   0   0   0   0 129 228
247 156   0   0   0   0   0   0   0   0   0   0   0   0 127 230
247 159   0   0   0   0   0   0   0   0   0   0   0   0 126 239
248 161   0   0   0   0   0   0   0   0   0   0   0   0 129 238
247 164   0   0   0   0   0   0   0   0   0   0   0   0 129 243
247 166   0   0   0   0   0   0   0   0   0   0   0   0 126 243
245 169   0   0   0   0   0   0   0   0   0   0   0   0 125 243
247 215 144 146 148 150 151 152 153 156 155 157 158 159 205 246
248 250 250 252 253 253 254 254 254 254 254 254 254 254 250 249
250 250 248 248 251 253 253 253 253 253 253 254 253 252 247 242
250 199 130 129 136 137 137 135 135 136 134 132 134 132 198 242
250 146   0   0   0   0   0   0   0   0   0   0   0   0 137 234
250 146   0   0   0   0   0   0   0   0   0   0   0   0 132 233
250 148   0   0   0   0   0   0   0   0   0   0   0   0 131 229
249 150   0   0   0   0   0   0   0   0   0   0   0   0 131 230
250 152   0   0   0   0   0   0   0   0   0   0   0   0 131 231
250 155   0   0   0   0   0   0   0   0   0   0   0   0 129 231
250 157   0   0   0   0   0   0   0   0   0   0   0   0 128 235
250 160   0   0   0   0   0   0   0   0   0   0   0   0 128 239
250 162   0   0   0   0   0   0   0   0   0   0   0   0 129 239
250 166   0   0   0   0   0   0   0   0   0   0   0   0 128 242
249 168   0   0   0   0   0   0   0   0   0   0   0   0 126 242
248 171   0   0   0   0   0   0   0   0   0   0   0   0 125 243
249 218 148 150 151 153 154 155 157 160 159 161 160 162 206 246
250 252 252 252 253 253 254 254 255 255 255 254 254 254 251 249
248 248 246 245 241 243 243 244 245 242 245 245 246 244 241 239
248 199 130 129 134 135 136 134 134 134 133 131 134 130 198 243
248 145   0   0   0   0   0   0   0   0   0   0   0   0 137 235
248 146   0   0   0   0   0   0   0   0   0   0   0   0 132 234
247 149   0   0   0   0   0   0   0   0   0   0   0   0 131 230
247 150   0   0   0   0   0   0   0   0   0   0   0   0 130 231
248 152   0   0   0   0   0   0   0   0   0   0   0   0 131 233
248 155   0   0   0   0   0   0   0   0   0   0   0   0 129 232
248 157   0   0   0   0   0   0   0   0   0   0   0   0 128 235
248 160   0   0   0   0   0   0   0   0   0   0   0   0 128 240
248 161   0   0   0   0   0   0   0   0   0   0   0   0 130 240
248 165   0   0   0   0   0   0   0   0   0   0   0   0 130 247
248 167   0   0   0   0   0   0   0   0   0   0   0   0 130 248
247 170   0   0   0   0   0   0   0   0   0   0   0   0 129 249
248 216 147 149 150 153 154 155 157 159 159 161 162 164 210 249
248 250 251 251 252 253 254 254 255 255 255 254 254 254 251 249
