255 255 255 255 255 255 255 255 255 255 255 255 255 255 255 255
255 255 255 255 255 255 255 255 255 255 255 255 255 255 255 255
255 255 255 255 255 255  41   0   0   5 255 255 255 255 255 255
255 255 255 255  58   0   0   0   0   0   0  56 255 255 255 255
255 255 255 255   0   0   0   0   0   0   0   0   1 255 255 255
255 255 255   0   0   0   0   0   0   0   0   0   0 255 255 255
255 255 242   0   0   0   0   0   0   0   0   0   0   2 255 255
255 255   0   0   0   0   0   0   0   0   0   0   0   3 255 255
255 255   0   0   0   0   0   0   0   0   0   0   0   1 255 255
255 255 249   0   0   0   0   0   0   0   0   0   0 252 255 255
255 255 255   0   0   0   0   0   0   0   0   0   0 255 255 255
255 255 255 249   0   0   0   0   0   0   0   0  71 255 255 255
255 255 255 255 254   0   0   0   0   0   0 248 255 255 255 255
255 255 255 255 255 255 253   7   7 254 255 255 255 255 255 255
255 255 255 255 255 255 255 255 255 255 255 255 255 255 255 255
255 255 255 255 255 255 255 255 255 255 255 255 255 255 255 255
255 255 255 255 255 255 255 255 255 255 255 255 255 255 255 255
255 255 255 255 255 255 255 255 255 255 255 255 255 255 255 255
255 255 255 255 255 255  41   0   0   5 255 255 255 255 255 255
255 255 255 255  57   0   0   0   0   0   0  55 255 255 255 255
255 255 255 255   0   0   0   0   0   0   0   0   1 255 255 255
255 255 255   0   0   0   0   0   0   0   0   0   0 255 255 255
255 255 242   0   0   0   0   0   0   0   0   0   0   2 255 255
255 255   0   0   0   0   0   0   0   0   0   0   0   3 255 255
255 255   0   0   0   0   0   0   0   0   0   0   0   1 255 255
255 255 248   0   0   0   0   0   0   0   0   0   0 252 255 255
255 255 255   0   0   0   0   0   0   0   0   0   0 255 255 255
255 255 255 249   0   0   0   0   0   0   0   0  70 255 255 255
255 255 255 255 253   0   0   0   0   0   0 248 255 255 255 255
255 255 255 255 255 255 253   7   7 254 255 255 255 255 255 255
255 255 255 255 255 255 255 255 255 255 255 255 255 255 255 255
255 255 255 255 255 255 255 255 255 255 255 255 255 255 255 255
255 255 255 255 255 255 255 255 255 255 255 255 255 255 255 255
255 255 255 255 255 255 255 255 255 255 255 255 255 255 255 255
255 255 255 255 255 255  41   1   1   5 255 255 255 255 255 255
255 255 255 255  59   1   1   1   1   1   1  57 255 255 255 255
255 255 255 255   1   1   1   1   1   1   1   1   2 255 255 255
255 255 255   1   1   1   1   1   1   1   1   1   1 255 255 255
255 255 242   1   1   1   1   1   1   1   1   1   1   3 255 255
255 255   0   1   1   1   1   1   1   1   1   1   1   3 255 255
255 255   0   1   1   1   1   1   1   1   1   1   1   1 255 255
255 255 249   1   1   1   1   1   1   1   1   1   1 253 255 255
255 255 255   1   1   1   1   1   1   1   1   1   1 255 255 255
255 255 255 251   1   1   1   1   1   1   1   1  72 255 255 255
255 255 255 255 255   1   1   1   1   1   1 250 255 255 255 255
255 255 255 255 255 255 254   7   7 255 255 255 255 255 255 255
255 255 255 255 255 255 255 255 255 255 255 255 255 255 255 255
255 255 255 255 255 255 255 255 255 255 255 255 255 255 255 255

255 255 255 255 255 255 255 255 255 255 255 255 255 255 255 255
255 255 255 255 255 255 255 255 255 255 255 255 255 255 255 255
255 255 255 255 251 194 127  90  90 127 194 251 255 255 255 255
255 255 255 254 109   0   0   0   0   0   0 110 255 255 255 255
255 255 247 100   1   0   0   0   0   0   0   2 101 248 255 255
255 255 186   5   0   0   0   0   0   0   0   0   0 184 255 255
255 255 118   0   0   0   0   0   0   0   0   0   0 114 255 255
255 255  78   0   0   0   0   0   0   0   0   0   0  79 255 255
255 255  80   0   0   0   0   0   0   0   0   0   0  81 255 255
255 255 123   0   0   0   0   0   0   0   0   0   0 118 255 255
255 255 193   6   0   0   0   0   0   0   0   0   0 193 255 255
255 255 249 120   3   0   0   0   0   0   0   4 123 250 255 255
255 255 255 254 131   8   0   0   0   0   8 131 255 255 255 255
255 255 255 255 253 210 152 111 113 152 212 253 255 255 255 255
255 255 255 255 255 255 255 255 255 255 255 255 255 255 255 255
255 255 255 255 255 255 255 255 255 255 255 255 255 255 255 255
255 255 255 255 255 255 255 255 255 255 255 255 255 255 255 255
255 255 255 255 255 255 255 255 255 255 255 255 255 255 255 255
255 255 255 255 251 193 127  89  90 127 194 251 255 255 255 255
255 255 255 254 109   0   0   0   0   0   0 110 255 255 255 255
255 255 247  99   1   0   0   0   0   0   0   2 101 248 255 255
255 255 186   5   0   0   0   0   0   0   0   0   0 184 255 255
255 255 118   0   0   0   0   0   0   0   0   0   0 114 255 255
255 254  78   0   0   0   0   0   0   0   0   0   0  79 255 255
255 254  80   0   0   0   0   0   0   0   0   0   0  81 255 255
255 255 123   0   0   0   0   0   0   0   0   0   0 118 255 255
255 255 193   6   0   0   0   0   0   0   0   0   0 193 255 255
255 255 249 120   3   0   0   0   0   0   0   4 123 250 255 255
255 255 255 254 131   8   0   0   0   0   8 131 255 255 255 255
255 255 255 255 253 210 152 111 113 152 212 253 255 255 255 255
255 255 255 255 255 255 255 255 255 255 255 255 255 255 255 255
255 255 255 255 255 255 255 255 255 255 255 255 255 255 255 255
255 255 255 255 255 255 255 255 255 255 255 255 255 255 255 255
255 255 255 255 255 255 255 255 255 255 255 255 255 255 255 255
255 255 255 255 251 194 127  90  90 128 194 251 255 255 255 255
255 255 255 254 110   1   1   1   1   1   1 110 255 255 255 255
255 255 247 100   2   1   1   1   1   1   1   3 102 248 255 255
255 255 187   6   1   1   1   1   1   1   1   1   1 184 255 255
255 255 119   1   1   1   1   1   1   1   1   1   1 114 255 255
255 255  79   1   1   1   1   1   1   1   1   1   1  80 255 255
255 255  80   1   1   1   1   1   1   1   1   1   1  81 255 255
255 255 124   1   1   1   1   1   1   1   1   1   1 119 255 255
255 255 193   7   1   1   1   1   1   1   1   1   1 193 255 255
255 255 249 120   4   1   1   1   1   1   1   5 124 250 255 255
255 255 255 254 131   9   1   1   1   1   9 132 255 255 255 255
255 255 255 255 253 210 152 112 113 152 212 253 255 255 255 255
255 255 255 255 255 255 255 255 255 255 255 255 255 255 255 255
255 255 255 255 255 255 255 255 255 255 255 255 255 255 255 255

255 255 255 255 255 255 255 255 255 255 255 255 255 255 255 255
255 255 255 255 255 255 255 255 255 255 255 255 255 255 255 255
255 255 255 255 248 184 114  79  81 118 193 250 255 255 255 255
255 255 255 255 101   0   0   0   0   0   0 123 255 255 255 255
255 255 251 110   2   0   0   0   0   0   0   4 131 253 255 255
255 255 194   0   0   0   0   0   0   0   0   0   8 212 255 255
255 255 127   0   0   0   0   0   0   0   0   0   0 152 255 255
255 255  90   0   0   0   0   0   0   0   0   0   0 113 255 255
255 255  90   0   0   0   0   0   0   0   0   0   0 111 255 255
255 255 127   0   0   0   0   0   0   0   0   0   0 152 255 255
255 255 194   0   0   0   0   0   0   0   0   0   8 210 255 255
255 255 251 109   1   0   0   0   0   0   0   3 131 253 255 255
255 255 255 254 100   5   0   0   0   0   6 120 254 255 255 255
255 255 255 255 247 186 118  78  80 123 193 249 255 255 255 255
255 255 255 255 255 255 255 255 255 255 255 255 255 255 255 255
255 255 255 255 255 255 255 255 255 255 255 255 255 255 255 255
255 255 255 255 255 255 255 255 255 255 255 255 255 255 255 255
255 255 255 255 255 255 255 255 255 255 255 255 255 255 255 255
255 255 255 255 248 184 114  79  81 118 193 250 255 255 255 255
255 255 255 255 101   0   0   0   0   0   0 123 255 255 255 255
255 255 251 110   2   0   0   0   0   0   0   4 131 253 255 255
255 255 194   0   0   0   0   0   0   0   0   0   8 212 255 255
255 255 127   0   0   0   0   0   0   0   0   0   0 152 255 255
255 255  90   0   0   0   0   0   0   0   0   0   0 113 255 255
255 255  89   0   0   0   0   0   0   0   0   0   0 111 255 255
255 255 127   0   0   0   0   0   0   0   0   0   0 152 255 255
255 255 193   0   0   0   0   0   0   0   0   0   8 210 255 255
255 255 251 109   1   0   0   0   0   0   0   3 131 253 255 255
255 255 255 254  99   5   0   0   0   0   6 120 254 255 255 255
255 255 255 255 247 186 118  78  80 123 193 249 255 255 255 255
255 255 255 255 255 255 255 254 254 255 255 255 255 255 255 255
255 255 255 255 255 255 255 255 255 255 255 255 255 255 255 255
255 255 255 255 255 255 255 255 255 255 255 255 255 255 255 255
255 255 255 255 255 255 255 255 255 255 255 255 255 255 255 255
255 255 255 255 248 184 114  80  81 119 193 250 255 255 255 255
255 255 255 255 102   1   1   1   1   1   1 124 255 255 255 255
255 255 251 110   3   1   1   1   1   1   1   5 132 253 255 255
255 255 194   1   1   1   1   1   1   1   1   1   9 212 255 255
255 255 128   1   1   1   1   1   1   1   1   1   1 152 255 255
255 255  90   1   1   1   1   1   1   1   1   1   1 113 255 255
255 255  90   1   1   1   1   1   1   1   1   1   1 112 255 255
255 255 127   1   1   1   1   1   1   1   1   1   1 152 255 255
255 255 194   1   1   1   1   1   1   1   1   1   9 210 255 255
255 255 251 110   2   1   1   1   1   1   1   4 131 253 255 255
255 255 255 254 100   6   1   1   1   1   7 120 254 255 255 255
255 255 255 255 247 187 119  79  80 124 193 249 255 255 255 255
255 255 255 255 255 255 255 255 255 255 255 255 255 255 255 255
255 255 255 255 255 255 255 255 255 255 255 255 255 255 255 255

255 255 255 255 255 255 255 255 255 255 255 255 255 255 255 255
255 255 255 255 255 255 255 255 255 255 255 255 255 255 255 255
255 255 255 255 253 212 152 113 111 152 210 253 255 255 255 255
255 255 255 255 131   8   0   0   0   0   8 131 254 255 255 255
255 255 250 123   4   0   0   0   0   0   0   3 120 249 255 255
255 255 193   0   0   0   0   0   0   0   0   0   6 193 255 255
255 255 118   0   0   0   0   0   0   0   0   0   0 123 255 255
255 255  81   0   0   0   0   0   0   0   0   0   0  80 255 255
255 255  79   0   0   0   0   0   0   0   0   0   0  78 255 255
255 255 114   0   0   0   0   0   0   0   0   0   0 118 255 255
255 255 184   0   0   0   0   0   0   0   0   0   5 186 255 255
255 255 248 101   2   0   0   0   0   0   0   1 100 247 255 255
255 255 255 255 110   0   0   0   0   0   0 109 254 255 255 255
255 255 255 255 251 194 127  90  90 127 194 251 255 255 255 255
255 255 255 255 255 255 255 255 255 255 255 255 255 255 255 255
255 255 255 255 255 255 255 255 255 255 255 255 255 255 255 255
255 255 255 255 255 255 255 255 255 255 255 255 255 255 255 255
255 255 255 255 255 255 255 255 255 255 255 255 255 255 255 255
255 255 255 255 253 212 152 113 111 152 210 253 255 255 255 255
255 255 255 255 131   8   0   0   0   0   8 131 254 255 255 255
255 255 250 123   4   0   0   0   0   0   0   3 120 249 255 255
255 255 193   0   0   0   0   0   0   0   0   0   6 193 255 255
255 255 118   0   0   0   0   0   0   0   0   0   0 123 255 255
255 255  81   0   0   0   0   0   0   0   0   0   0  80 254 255
255 255  79   0   0   0   0   0   0   0   0   0   0  78 254 255
255 255 114   0   0   0   0   0   0   0   0   0   0 118 255 255
255 255 184   0   0   0   0   0   0   0   0   0   5 186 255 255
255 255 248 101   2   0   0   0   0   0   0   1  99 247 255 255
255 255 255 255 110   0   0   0   0   0   0 109 254 255 255 255
255 255 255 255 251 194 127  90  89 127 193 251 255 255 255 255
255 255 255 255 255 255 255 255 255 255 255 255 255 255 255 255
255 255 255 255 255 255 255 255 255 255 255 255 255 255 255 255
255 255 255 255 255 255 255 255 255 255 255 255 255 255 255 255
255 255 255 255 255 255 255 255 255 255 255 255 255 255 255 255
255 255 255 255 253 212 152 113 112 152 210 253 255 255 255 255
255 255 255 255 132   9   1   1   1   1   9 131 254 255 255 255
255 255 250 124   5   1   1   1   1   1   1   4 120 249 255 255
255 255 193   1   1   1   1   1   1   1   1   1   7 193 255 255
255 255 119   1   1   1   1   1   1   1   1   1   1 124 255 255
255 255  81   1   1   1   1   1   1   1   1   1   1  80 255 255
255 255  80   1   1   1   1   1   1   1   1   1   1  79 255 255
255 255 114   1   1   1   1   1   1   1   1   1   1 119 255 255
255 255 184   1   1   1   1   1   1   1   1   1   6 187 255 255
255 255 248 102   3   1   1   1   1   1   1   2 100 247 255 255
255 255 255 255 110   1   1   1   1   1   1 110 254 255 255 255
255 255 255 255 251 194 128  90  90 127 194 251 255 255 255 255
255 255 255 255 255 255 255 255 255 255 255 255 255 255 255 255
255 255 255 255 255 255 255 255 255 255 255 255 255 255 255 255
