255 255 255 255 255 255 255 255 255 255 255 255 255 255 255 255
255 255 255 255 255 255 255 255 255 255 255 255 255 255 255 255
255 255 255 255   0   0   0   0   0   0   3   0 255 255 255 255
255 255 255 255   2   0   0   0   0   0   0   1 255 255 255 255
255 255 255 255   0   0   0   0   1   1   1   0 255 255 255 255
255 255 255 255   0   0   0   0   1   1   1   0 254 255 255 255
255 255 255 255   0   0   0   0   1   1   1   0 255 255 255 255
255 255 255 255   0   0   0   0   1   1   1   0 255 255 255 255
255 255 255 255   1   0   0   0   1   1   1   0 252 255 255 255
255 255 255 255   1   0   0   0   1   1   1   0 255 255 255 255
255 255 255 255   0   0   0   0   1   1   1   0 255 255 255 255
255 255 255 255   0   0   0   0   1   1   1   0 253 255 255 255
255 255 247 221   8   0   0   0   1   1   1   0 220 247 255 255
255 255 253 243 224 205 189 152 134 187 203 223 242 254 255 255
255 255 255 255 255 255 255 255 255 255 255 255 255 255 255 255
255 255 255 233 144  82 148 138 237 208  93 152 248 255 255 255
255 255 255 255 255 255 255 255 255 255 255 255 255 255 255 255
255 255 255 255 255 255 255 254 255 253 255 255 255 255 255 255
255 255 255 255   3   1   1   0   0   1   0   0 255 255 255 255
255 255 255 254   0   0   1   0   1   0   0   0 253 255 255 255
255 255 255 255   1   0   0   0   0   0   0   0 255 255 255 255
255 255 255 255   1   0   0   0   0   0   0   0 254 255 255 255
255 255 255 255   2   0   0   0   0   0   0   0 254 255 255 255
255 255 255 255   1   0   0   0   0   0   0   0 253 255 255 255
255 255 255 255   1   0   0   0   0   0   0   0 255 255 255 255
255 255 255 255   2   0   0   0   0   0   0   0 254 255 255 255
255 255 255 255   0   0   0   0   0   0   0   0 254 255 255 255
255 255 255 255   1   0   0   0   0   0   0   0 255 255 255 255
255 255 246 221   0   0   0   0   0   0   0   2 219 246 255 255
255 255 253 243 225 202 186 150 132 181 201 221 242 253 255 255
255 255 255 255 255 255 255 255 255 255 255 255 255 255 255 255
255 255 255 232 144  82 148 138 237 208  93 152 247 255 255 255
255 255 255 255 255 255 255 255 255 255 255 255 255 255 255 255
255 255 255 255 255 255 254 255 254 255 255 255 255 255 255 255
255 255 255 255 222 226 226 227 227 225 226 227 251 255 255 255
255 255 255 255 189 220 247 253 253 250 227 193 255 255 255 255
255 255 255 255 189 221 240 246 247 241 223 194 252 255 255 255
255 255 255 255 189 221 240 246 247 241 223 194 255 255 255 255
255 255 255 255 187 221 240 246 247 241 223 194 255 255 255 255
255 255 255 255 187 221 240 246 247 241 223 194 255 255 255 255
255 255 255 255 186 221 240 246 247 241 223 194 252 255 255 255
255 255 255 255 185 221 240 246 247 241 223 194 255 255 255 255
255 255 255 255 188 221 240 246 247 241 223 194 255 255 255 255
255 255 255 255 187 221 240 246 247 241 223 194 254 255 255 255
255 255 247 221 198 221 240 246 247 241 223 200 219 247 255 255
255 255 253 243 224 206 185 173 161 187 206 229 242 254 255 255
255 255 255 255 255 255 255 255 255 255 255 255 255 255 255 255
255 255 255 233 144  82 148 139 237 209  93 152 248 255 255 255

255 255 255 255 255 255 255 255 255 255 255 254 254 254 254 255
255 254 254 255 255 255 255 255 254 254 254 254 252 253 254 255
254 254 252 250 251 251 251 251 252 251 252 250 244 248 254 252
254 247 205 173 175 176 178 178 180 181 182 179 191 232 253 233
254 227  78   0   0   0   0   0   0   0   0   0  64 196 251 215
254 212  25   0   0   0   0   0   0   0   0   0  13 157 247 218
254 202   3   0   0   0   0   0   0   0   0   0   0 134 242 225
254 197   0   0   0   0   0   0   0   0   0   0   0 123 239 230
254 198   0   0   0   0   0   0   0   0   0   0   0 125 239 223
254 205   8   0   0   0   0   0   0   0   0   0   2 140 243 221
254 216  39   0   0   0   0   0   0   0   0   0  26 168 247 220
254 235 110  17  21  26  30  34  38  43  48  50 106 209 250 220
254 251 229 207 209 211 212 214 215 216 218 214 213 237 253 241
254 254 254 254 254 254 254 254 254 254 254 253 246 249 254 253
255 255 255 255 255 255 255 255 255 255 255 254 253 253 254 255
255 255 255 255 255 255 255 255 255 255 255 255 255 255 255 255
255 255 255 255 255 255 255 255 255 255 255 254 254 254 254 255
255 254 254 255 255 255 255 254 254 254 255 254 252 253 254 255
255 254 252 250 251 251 251 251 251 251 252 250 244 248 254 252
254 248 206 174 175 177 178 179 180 181 182 179 191 232 253 233
254 227  78   0   0   0   0   0   0   0   0   0  63 196 251 215
254 212  25   0   0   0   0   0   0   0   0   0  13 157 247 218
254 202   3   0   0   0   0   0   0   0   0   0   0 134 242 225
254 197   0   0   0   0   0   0   0   0   0   0   0 123 239 230
254 198   0   0   0   0   0   0   0   0   0   0   0 125 239 223
254 206   8   0   0   0   0   0   0   0   0   0   2 140 243 221
254 216  39   0   0   0   0   0   0   0   0   0  26 168 247 220
254 235 110  17  21  25  30  34  39  42  48  51 106 209 250 220
254 252 229 207 209 211 212 214 215 216 218 214 213 238 253 241
255 254 254 254 254 254 254 254 254 254 254 253 246 249 254 253
255 255 255 255 255 255 255 255 255 255 255 254 253 253 254 255
255 255 255 255 255 255 255 255 255 255 255 255 255 255 255 255
255 255 255 255 255 255 255 255 255 255 255 254 254 254 254 255
255 254 254 254 255 255 255 255 255 254 254 254 252 253 254 255
254 254 253 252 253 253 253 253 253 253 253 252 244 248 254 252
254 252 244 236 231 232 232 233 233 233 233 230 218 235 253 233
254 249 228 211 195 195 195 195 195 194 194 194 191 220 251 215
254 247 224 229 222 222 222 222 222 222 222 222 209 214 247 218
254 244 221 237 237 237 237 237 237 237 237 237 232 213 244 225
254 243 221 240 245 245 245 245 245 245 245 245 243 213 243 230
254 243 221 240 244 244 244 244 244 244 244 244 241 212 243 223
254 245 222 236 235 235 235 235 235 235 235 235 226 212 244 221
254 248 226 226 217 217 217 217 217 217 217 217 201 212 248 220
254 250 229 203 192 194 196 197 198 199 199 199 193 222 250 220
254 253 248 242 240 241 242 242 242 242 243 238 225 239 253 241
254 254 254 254 254 254 254 254 254 254 254 253 246 249 254 253
255 255 255 255 255 255 255 255 255 255 255 254 253 253 254 255
255 255 255 255 255 255 255 255 255 255 255 255 255 255 255 255

255 255 252 233 215 218 225 230 223 221 220 220 241 253 255 255
254 254 254 253 251 247 242 239 239 243 247 250 253 254 254 255
254 253 248 232 196 157 134 123 125 140 168 209 237 249 253 255
254 252 244 191  64  13   0   0   0   2  26 106 213 246 253 255
254 254 250 179   0   0   0   0   0   0   0  50 214 253 254 255
255 254 252 182   0   0   0   0   0   0   0  48 218 254 255 255
255 254 251 181   0   0   0   0   0   0   0  43 216 254 255 255
255 254 252 180   0   0   0   0   0   0   0  38 215 254 255 255
255 255 251 178   0   0   0   0   0   0   0  34 214 254 255 255
255 255 251 178   0   0   0   0   0   0   0  30 212 254 255 255
255 255 251 176   0   0   0   0   0   0   0  26 211 254 255 255
255 255 251 175   0   0   0   0   0   0   0  21 209 254 255 255
255 255 250 173   0   0   0   0   0   0   0  17 207 254 255 255
255 254 252 205  78  25   3   0   0   8  39 110 229 254 255 255
255 254 254 247 227 212 202 197 198 205 216 235 251 254 255 255
255 255 254 254 254 254 254 254 254 254 254 254 254 254 255 255
255 255 252 233 215 218 225 230 223 221 220 220 241 253 255 255
254 254 254 253 251 247 242 239 239 243 247 250 253 254 254 255
254 253 248 232 196 157 134 123 125 140 168 209 238 249 253 255
254 252 244 191  63  13   0   0   0   2  26 106 213 246 253 255
254 254 250 179   0   0   0   0   0   0   0  51 214 253 254 255
255 255 252 182   0   0   0   0   0   0   0  48 218 254 255 255
255 254 251 181   0   0   0   0   0   0   0  42 216 254 255 255
255 254 251 180   0   0   0   0   0   0   0  39 215 254 255 255
255 254 251 179   0   0   0   0   0   0   0  34 214 254 255 255
255 255 251 178   0   0   0   0   0   0   0  30 212 254 255 255
255 255 251 177   0   0   0   0   0   0   0  25 211 254 255 255
255 255 251 175   0   0   0   0   0   0   0  21 209 254 255 255
255 255 250 174   0   0   0   0   0   0   0  17 207 254 255 255
255 254 252 206  78  25   3   0   0   8  39 110 229 254 255 255
255 254 254 248 227 212 202 197 198 206 216 235 252 254 255 255
255 255 255 254 254 254 254 254 254 254 254 254 254 255 255 255
255 255 252 233 215 218 225 230 223 221 220 220 241 253 255 255
254 254 254 253 251 247 244 243 243 244 248 250 253 254 254 255
254 253 248 235 220 214 213 213 212 212 212 222 239 249 253 255
254 252 244 218 191 209 232 243 241 226 201 193 225 246 253 255
254 254 252 230 194 222 237 245 244 235 217 199 238 253 254 255
255 254 253 233 194 222 237 245 244 235 217 199 243 254 255 255
255 254 253 233 194 222 237 245 244 235 217 199 242 254 255 255
255 255 253 233 195 222 237 245 244 235 217 198 242 254 255 255
255 255 253 233 195 222 237 245 244 235 217 197 242 254 255 255
255 255 253 232 195 222 237 245 244 235 217 196 242 254 255 255
255 255 253 232 195 222 237 245 244 235 217 194 241 254 255 255
255 255 253 231 195 222 237 245 244 235 217 192 240 254 255 255
255 254 252 236 211 229 237 240 240 236 226 203 242 254 255 255
255 254 253 244 228 224 221 221 221 222 226 229 248 254 255 255
255 254 254 252 249 247 244 243 243 245 248 250 253 254 255 255
255 255 254 254 254 254 254 254 254 254 254 254 254 254 255 255

255 255 255 255 255 255 255 255 255 255 255 255 255 255 255 255
255 254 253 253 254 255 255 255 255 255 255 255 255 255 255 255
253 254 249 246 253 254 254 254 254 254 254 254 254 254 254 254
241 253 237 213 214 218 216 215 214 212 211 209 207 229 251 254
220 250 209 106  50  48  43  38  34  30  26  21  17 110 235 254
220 247 168  26   0   0   0   0   0   0   0   0   0  39 216 254
221 243 140   2   0   0   0   0   0   0   0   0   0   8 205 254
223 239 125   0   0   0   0   0   0   0   0   0   0   0 198 254
230 239 123   0   0   0   0   0   0   0   0   0   0   0 197 254
225 242 134   0   0   0   0   0   0   0   0   0   0   3 202 254
218 247 157  13   0   0   0   0   0   0   0   0   0  25 212 254
215 251 196  64   0   0   0   0   0   0   0   0   0  78 227 254
233 253 232 191 179 182 181 180 178 178 176 175 173 205 247 254
252 254 248 244 250 252 251 252 251 251 251 251 250 252 254 254
255 254 253 252 254 254 254 254 255 255 255 255 255 254 254 255
255 254 254 254 254 255 255 255 255 255 255 255 255 255 255 255
255 255 255 255 255 255 255 255 255 255 255 255 255 255 255 255
255 254 253 253 254 255 255 255 255 255 255 255 255 255 255 255
253 254 249 246 253 254 254 254 254 254 254 254 254 254 254 255
241 253 238 213 214 218 216 215 214 212 211 209 207 229 252 254
220 250 209 106  51  48  42  39  34  30  25  21  17 110 235 254
220 247 168  26   0   0   0   0   0   0   0   0   0  39 216 254
221 243 140   2   0   0   0   0   0   0   0   0   0   8 206 254
223 239 125   0   0   0   0   0   0   0   0   0   0   0 198 254
230 239 123   0   0   0   0   0   0   0   0   0   0   0 197 254
225 242 134   0   0   0   0   0   0   0   0   0   0   3 202 254
218 247 157  13   0   0   0   0   0   0   0   0   0  25 212 254
215 251 196  63   0   0   0   0   0   0   0   0   0  78 227 254
233 253 232 191 179 182 181 180 179 178 177 175 174 206 248 254
252 254 248 244 250 252 251 251 251 251 251 251 250 252 254 255
255 254 253 252 254 255 254 254 254 255 255 255 255 254 254 255
255 254 254 254 254 255 255 255 255 255 255 255 255 255 255 255
255 255 255 255 255 255 255 255 255 255 255 255 255 255 255 255
255 254 253 253 254 255 255 255 255 255 255 255 255 255 255 255
253 254 249 246 253 254 254 254 254 254 254 254 254 254 254 254
241 253 239 225 238 243 242 242 242 242 241 240 242 248 253 254
220 250 222 193 199 199 199 198 197 196 194 192 203 229 250 254
220 248 212 201 217 217 217 217 217 217 217 217 226 226 248 254
221 244 212 226 235 235 235 235 235 235 235 235 236 222 245 254
223 243 212 241 244 244 244 244 244 244 244 244 240 221 243 254
230 243 213 243 245 245 245 245 245 245 245 245 240 221 243 254
225 244 213 232 237 237 237 237 237 237 237 237 237 221 244 254
218 247 214 209 222 222 222 222 222 222 222 222 229 224 247 254
215 251 220 191 194 194 194 195 195 195 195 195 211 228 249 254
233 253 235 218 230 233 233 233 233 232 232 231 236 244 252 254
252 254 248 244 252 253 253 253 253 253 253 253 252 253 254 254
255 254 253 252 254 254 254 255 255 255 255 255 254 254 254 255
255 254 254 254 254 255 255 255 255 255 255 255 255 255 255 255
